PATIENT_NUM,CONCEPT_PATH,NVAL_NUM,TVAL_CHAR,TIMESTAMP
1,\Synthetic Multi\Lifestyle\Smoker\,,No,1704067200000
2,\Synthetic Multi\Lifestyle\Smoker\,,No,1704067200000
3,\Synthetic Multi\Lifestyle\Smoker\,,Yes,1704067200000
4,\Synthetic Multi\Lifestyle\Smoker\,,No,1704067200000
5,\Synthetic Multi\Lifestyle\Smoker\,,No,1704067200000
6,\Synthetic Multi\Lifestyle\Smoker\,,Yes,1704067200000
7,\Synthetic Multi\Lifestyle\Smoker\,,No,1704067200000
8,\Synthetic Multi\Lifestyle\Smoker\,,No,1704067200000
9,\Synthetic Multi\Lifestyle\Smoker\,,Yes,1704067200000
10,\Synthetic Multi\Lifestyle\Smoker\,,No,1704067200000
11,\Synthetic Multi\Lifestyle\Smoker\,,No,1704067200000
12,\Synthetic Multi\Lifestyle\Smoker\,,Yes,1704067200000
13,\Synthetic Multi\Lifestyle\Smoker\,,No,1704067200000
14,\Synthetic Multi\Lifestyle\Smoker\,,No,1704067200000
15,\Synthetic Multi\Lifestyle\Smoker\,,Yes,1704067200000
16,\Synthetic Multi\Lifestyle\Smoker\,,No,1704067200000
17,\Synthetic Multi\Lifestyle\Smoker\,,No,1704067200000
18,\Synthetic Multi\Lifestyle\Smoker\,,Yes,1704067200000
19,\Synthetic Multi\Lifestyle\Smoker\,,No,1704067200000
20,\Synthetic Multi\Lifestyle\Smoker\,,No,1704067200000
